0.1 	53
0.2 	56
0.3 	58
0.4 	61
0.5 	63
0.6 	64
0.7 	65
0.8 	66
0.9 	67
1.0 	67
1.1 	68
1.2 	68
1.3 	69
1.4 	69
1.5 	70
1.6 	70
1.7 	71
1.8 	71
1.9 	72
2.0 	72
2.1 	72
2.2 	72
2.3 	72
2.4 	72
2.5 	72
2.6 	72
2.7 	72
2.8 	72
2.9 	72
3.0 	71
3.1 	71
3.2 	71
3.3 	71
3.4 	71
3.5 	71
3.6 	71
3.7 	71
3.8 	71
3.9 	71
4.0 	70
4.1 	71
4.2 	71
4.3 	72
4.4 	72
4.5 	73
4.6 	73
4.7 	74
4.8 	74
4.9 	75
5.0 	75
5.1 	75
5.2 	76
5.3 	76
5.4 	77
5.5 	77
5.6 	78
5.7 	78
5.8 	79
5.9 	79
6.0 	79
6.1 	80
6.2 	81
6.3 	82
6.4 	83
6.5 	84
6.6 	85
6.7 	86
6.8 	87
6.9 	88
7.0 	89
7.1 	90
7.2 	91
7.3 	92
7.4 	93
7.5 	94
7.6 	95
7.7 	96
7.8 	97
7.9 	98
8.0 	99
8.1 	100
8.2 	100
8.3 	100
8.4 	100
8.5 	101
8.6 	101
8.7 	101
8.8 	101
8.9 	102
9.0 	102
9.1 	102
9.2 	102
9.3 	103
9.4 	103
9.5 	103
9.6 	103
9.7 	104
9.8 	104
9.9 	104
10.0 	104
10.1 	104
10.2 	105
10.3 	105
10.4 	105
10.5 	105
10.6 	106
10.7 	106
10.8 	106
10.9 	106
11.0 	107
11.1 	107
11.2 	107
11.3 	107
11.4 	108
11.5 	108
11.6 	108
11.7 	108
11.8 	109
11.9 	109
12.0 	109
12.1 	109
12.2 	109
12.3 	110
12.4 	110
12.5 	110
12.6 	110
12.7 	111
12.8 	111
12.9 	111
13.0 	111
13.1 	112
13.2 	112
13.3 	112
13.4 	112
13.5 	113
13.6 	113
13.7 	113
13.8 	113
13.9 	114
14.0 	114
14.1 	114
14.2 	114
14.3 	114
14.4 	115
14.5 	115
14.6 	115
14.7 	115
14.8 	116
14.9 	116
15.0 	116
15.1 	116
15.2 	117
15.3 	117
15.4 	117
15.5 	117
15.6 	118
15.7 	118
15.8 	118
15.9 	118
16.0 	118
16.1 	119
16.2 	119
16.3 	119
16.4 	119
16.5 	119
16.6 	119
16.7 	119
16.8 	119
16.9 	119
17.0 	119
17.1 	119
17.2 	119
17.3 	119
17.4 	119
17.5 	119
17.6 	119
17.7 	120
17.8 	120
17.9 	120
18.0 	120
18.1 	120
18.2 	120
18.3 	120
18.4 	120
18.5 	120
18.6 	120
18.7 	120
18.8 	120
18.9 	120
19.0 	120
19.1 	120
19.2 	120
19.3 	121
19.4 	121
19.5 	121
19.6 	121
19.7 	121
19.8 	121
19.9 	121
20.0 	121
20.1 	121
20.2 	121
20.3 	121
20.4 	121
20.5 	121
20.6 	121
20.7 	121
20.8 	121
20.9 	122
21.0 	122
21.1 	122
21.2 	122
21.3 	122
21.4 	122
21.5 	122
21.6 	122
21.7 	122
21.8 	122
21.9 	122
22.0 	122
22.1 	122
22.2 	122
22.3 	122
22.4 	122
22.5 	123
22.6 	123
22.7 	123
22.8 	123
22.9 	123
23.0 	123
23.1 	123
23.2 	123
23.3 	123
23.4 	123
23.5 	123
23.6 	123
23.7 	123
23.8 	123
23.9 	123
24.0 	123
24.1 	123
24.2 	123
24.3 	123
24.4 	123
24.5 	123
24.6 	123
24.7 	123
24.8 	123
24.9 	123
25.0 	123
25.1 	123
25.2 	123
25.3 	123
25.4 	123
25.5 	123
25.6 	123
25.7 	123
25.8 	123
25.9 	123
26.0 	123
26.1 	123
26.2 	123
26.3 	123
26.4 	123
26.5 	123
26.6 	123
26.7 	123
26.8 	123
26.9 	123
27.0 	123
27.1 	123
27.2 	123
27.3 	123
27.4 	123
27.5 	123
27.6 	123
27.7 	123
27.8 	123
27.9 	123
28.0 	123
28.1 	123
28.2 	123
28.3 	123
28.4 	123
28.5 	123
28.6 	123
28.7 	123
28.8 	123
28.9 	123
29.0 	123
29.1 	123
29.2 	123
29.3 	123
29.4 	123
29.5 	123
29.6 	123
29.7 	123
29.8 	123
29.9 	123
30.0 	123
30.1 	123
30.2 	123
30.3 	123
30.4 	123
30.5 	123
30.6 	123
30.7 	123
30.8 	123
30.9 	123
31.0 	123
31.1 	123
31.2 	123
31.3 	123
31.4 	123
31.5 	123
31.6 	123
31.7 	123
31.8 	123
31.9 	123
32.0 	122