0.1	0	6	46	58	33	58	46	57	48	52	49	52	49	54
0.2	0	7	37	63	33	60	44	57	48	53	47	52	49	54
0.3	0	7	37	92	33	61	34	58	48	54	47	52	47	54
0.4	0	7	37	92	33	61	34	58	48	54	47	52	47	54
0.5	0	8	37	92	33	61	34	59	48	54	47	54	47	54
0.6	0	8	37	92	33	61	34	61	48	55	41	54	47	54
0.7	0	8	37	92	33	62	34	62	48	55	41	54	47	54
0.8	0	8	37	92	33	62	34	62	48	55	41	60	47	54
0.9	0	9	36	92	33	62	34	63	48	56	41	58	47	58
1.0	0	9	36	92	33	63	34	63	48	56	41	58	47	58
1.1	0	9	36	92	33	63	34	68	48	59	41	58	41	58
1.2	0	10	36	92	33	67	34	68	48	60	41	58	41	58
1.3	0	10	36	92	33	67	34	69	48	63	41	58	41	58
1.4	0	10	36	92	33	67	34	69	48	63	41	58	41	58
1.5	0	10	36	92	33	67	34	69	48	64	41	58	41	58
1.6	0	10	36	85	33	67	34	69	48	64	41	58	41	58
1.7	0	11	36	85	33	67	34	69	48	64	41	58	41	58
1.8	0	11	36	85	33	67	34	69	48	86	41	58	41	58
1.9	0	11	36	85	33	68	34	69	48	86	41	58	41	58
2.0	0	11	36	85	33	68	34	69	48	86	41	58	41	58
2.1	0	11	36	85	33	68	34	69	48	86	41	58	41	58
2.2	0	11	36	85	33	68	34	69	48	86	36	58	35	58
2.3	0	12	36	85	33	68	34	69	48	86	36	58	35	60
2.4	0	12	36	78	33	68	34	69	48	67	36	60	35	60
2.5	0	12	36	78	33	68	34	69	48	67	36	60	35	62
2.6	0	12	36	78	33	68	34	69	48	64	36	60	35	62
2.7	0	12	36	78	33	69	34	69	48	64	36	60	35	64
2.8	0	12	36	78	33	78	34	69	48	64	36	60	35	64
2.9	0	12	35	78	33	78	34	69	48	64	36	60	35	72
3.0	0	12	35	78	33	78	34	69	48	64	36	60	35	72
3.1	0	13	35	78	33	78	34	69	48	64	36	60	35	72
3.2	0	13	35	78	33	78	34	69	48	64	36	60	35	75
3.3	0	13	35	78	33	78	34	69	48	64	36	60	35	75
3.4	0	13	35	79	33	78	34	69	48	64	36	62	32	75
3.5	0	13	35	79	33	78	34	69	48	67	36	62	32	75
3.6	0	13	35	79	33	78	33	69	48	71	36	62	32	75
3.7	0	13	35	79	33	78	33	75	48	71	36	62	32	75
3.8	0	14	35	79	33	78	33	75	48	71	36	62	32	75
3.9	0	14	35	79	33	78	33	75	47	71	36	62	32	75
4.0	0	14	35	85	33	78	33	75	47	71	36	62	32	75
4.1	0	14	35	86	33	78	33	75	47	70	36	62	32	75
4.2	0	14	35	86	33	79	33	75	47	71	36	62	32	75
4.3	0	14	35	86	33	79	33	75	47	71	36	62	32	75
4.4	0	15	35	86	33	79	33	75	47	71	36	62	32	75
4.5	0	15	35	86	33	79	32	75	47	71	36	62	32	75
4.6	0	15	35	86	33	79	32	75	47	72	36	70	32	75
4.7	0	15	29	86	33	79	32	75	47	72	36	70	32	75
4.8	0	15	29	102	32	79	32	76	47	72	36	76	32	75
4.9	0	15	29	102	32	79	32	76	47	73	36	76	32	75
5.0	0	16	24	102	32	79	32	76	47	73	36	79	32	75
5.1	0	16	24	102	32	79	32	76	47	73	36	79	32	75
5.2	0	16	24	102	32	79	32	76	47	74	36	79	32	75
5.3	1	16	25	102	32	79	32	76	47	74	36	79	32	75
5.4	1	17	25	102	32	79	31	76	47	81	36	79	32	75
5.5	1	17	25	102	32	80	31	77	47	81	36	79	32	75
5.6	1	17	25	102	32	80	31	77	47	81	36	79	32	75
5.7	1	17	25	102	32	80	26	83	47	81	36	79	32	75
5.8	1	18	25	102	32	80	26	83	47	81	36	79	32	75
5.9	1	18	25	102	32	80	26	83	47	81	36	79	32	75
6.0	2	19	25	102	32	80	26	83	47	81	36	79	32	75
6.1	2	19	25	102	32	80	26	83	47	87	36	79	32	75
6.2	2	24	25	102	32	86	30	83	47	87	36	79	32	75
6.3	2	24	25	102	32	86	30	83	47	87	36	79	32	75
6.4	2	24	25	102	32	86	30	83	47	87	36	79	32	75
6.5	2	24	31	102	32	86	30	83	47	87	36	79	32	75
6.6	2	24	31	102	32	86	30	83	47	82	36	79	32	75
6.7	2	23	31	102	32	86	30	83	47	99	36	79	32	75
6.8	2	23	31	102	32	86	30	83	47	99	36	79	32	75
6.9	2	23	31	102	32	86	30	83	47	99	36	79	32	75
7.0	2	23	31	102	32	87	30	84	47	99	36	79	32	75
7.1	2	23	31	102	32	87	30	84	47	99	36	79	32	75
7.2	2	23	31	102	32	87	30	84	47	99	36	79	32	75
7.3	2	24	32	102	32	87	30	84	47	99	36	79	32	75
7.4	2	24	32	102	32	87	30	84	47	99	36	79	32	75
7.5	2	24	32	102	32	87	30	84	47	99	36	79	32	75
7.6	2	24	32	102	32	87	30	84	47	99	36	79	32	75
7.7	3	24	32	102	32	87	30	84	47	99	36	79	32	75
7.8	3	24	33	102	31	87	30	84	47	99	36	79	32	75
7.9	3	28	33	102	31	87	30	84	47	99	36	79	32	75
8.0	3	29	33	102	31	87	30	84	47	99	36	79	32	75
8.1	2	26	32	122	26	90	3	113	46	102	23	83	34	103
8.2	2	26	32	122	26	90	3	113	46	102	23	83	34	103
8.3	2	26	32	122	26	90	3	113	46	103	22	83	34	103
8.4	2	26	32	122	26	114	3	113	46	103	22	83	34	103
8.5	3	26	32	122	26	114	3	113	46	103	22	83	11	103
8.6	3	26	32	122	26	114	3	113	46	103	22	83	11	103
8.7	3	26	32	122	26	114	3	113	46	103	22	83	11	103
8.8	3	26	32	122	26	115	3	113	46	104	22	83	11	103
8.9	3	26	32	122	17	115	3	113	46	104	22	83	11	103
9.0	3	26	32	122	17	115	3	113	46	104	22	83	11	103
9.1	3	26	32	122	17	115	3	113	46	104	22	83	11	103
9.2	3	26	32	122	17	115	3	113	46	104	22	83	11	103
9.3	3	26	32	122	17	115	3	113	46	105	22	84	11	103
9.4	3	26	32	122	17	115	3	112	46	105	22	84	11	103
9.5	3	26	32	122	16	115	3	112	46	105	22	84	11	103
9.6	3	26	32	122	16	115	3	112	46	105	22	84	11	103
9.7	3	26	32	122	16	115	3	112	46	106	22	84	11	103
9.8	3	26	32	122	16	115	3	113	46	106	22	84	11	103
9.9	3	26	32	122	16	115	3	113	46	106	22	84	11	103
10.0	3	26	32	122	16	115	3	113	45	106	22	84	11	103
10.1	3	26	32	122	16	115	3	112	45	122	22	84	11	103
10.2	3	26	32	122	16	115	3	112	45	122	22	84	11	103
10.3	3	26	32	122	16	115	3	112	45	122	22	84	11	103
10.4	3	26	32	122	16	115	3	112	45	122	22	84	11	103
10.5	3	26	32	122	16	115	3	112	45	122	22	85	11	103
10.6	3	26	32	122	16	115	3	112	45	122	22	85	11	103
10.7	3	26	32	122	16	115	3	112	45	122	22	85	11	103
10.8	3	26	32	122	16	115	3	112	45	122	22	85	11	103
10.9	3	26	32	122	16	115	3	112	45	122	22	85	11	103
11.0	3	26	32	122	16	115	3	112	45	122	22	85	11	103
11.1	3	27	32	122	16	115	3	112	45	122	22	85	11	103
11.2	3	27	32	123	16	115	3	112	45	123	22	86	11	103
11.3	3	27	32	123	16	115	3	112	39	123	22	86	11	103
11.4	3	27	32	123	16	115	3	112	39	123	21	86	11	103
11.5	3	27	32	123	16	115	3	112	39	123	21	86	11	103
11.6	3	27	32	123	16	115	3	112	39	123	21	86	11	103
11.7	3	27	32	123	16	115	3	112	39	123	21	86	11	103
11.8	3	27	32	123	16	115	3	112	39	123	21	86	11	103
11.9	3	27	32	123	16	115	3	112	39	123	21	87	11	103
12.0	3	27	32	123	16	115	3	112	39	123	21	87	11	103
12.1	3	27	32	123	16	115	3	112	39	123	21	87	11	103
12.2	3	27	32	123	16	115	3	112	39	123	21	87	11	103
12.3	3	27	32	123	16	115	3	112	39	123	21	87	11	103
12.4	3	27	32	123	16	115	3	112	39	123	21	87	11	103
12.5	4	27	32	123	16	115	3	112	39	123	21	87	11	103
12.6	4	27	31	123	16	115	3	112	39	123	21	88	11	103
12.7	4	27	31	123	16	115	3	112	39	123	21	88	11	103
12.8	4	27	31	123	16	115	3	112	39	123	21	109	11	103
12.9	4	28	31	123	16	115	3	112	39	123	21	109	11	103
13.0	4	28	31	123	16	115	3	112	39	123	21	109	11	103
13.1	4	28	31	123	16	115	3	112	39	123	21	109	11	103
13.2	4	28	31	123	16	115	3	112	39	124	21	109	11	103
13.3	4	28	31	123	16	115	3	112	39	124	21	109	11	103
13.4	4	28	31	123	16	115	3	112	39	124	21	109	11	103
13.5	4	28	31	123	16	115	3	112	39	124	21	109	11	103
13.6	4	28	31	123	16	114	3	112	38	124	21	109	11	103
13.7	4	28	31	123	16	114	3	112	38	124	21	109	11	103
13.8	4	28	31	123	16	114	3	112	38	124	21	109	11	103
13.9	4	28	31	123	16	114	3	112	38	124	21	109	11	103
14.0	4	29	31	123	15	114	3	112	38	124	21	109	11	103
14.1	4	29	31	123	15	114	3	112	38	124	21	109	11	103
14.2	4	29	31	123	15	114	3	112	38	124	21	109	11	103
14.3	4	29	31	123	15	114	3	112	38	124	21	109	11	102
14.4	4	29	31	123	15	114	3	112	38	124	21	109	11	102
14.5	4	29	31	123	15	114	3	112	38	124	21	109	11	102
14.6	4	29	31	123	15	114	3	112	38	124	21	109	11	102
14.7	4	30	31	123	15	114	3	112	38	124	21	109	11	102
14.8	4	30	31	123	15	114	3	112	38	124	21	109	11	102
14.9	4	30	31	123	15	114	3	112	38	124	20	109	11	102
15.0	4	30	31	123	15	114	3	112	38	124	20	109	11	102
15.1	4	31	31	123	15	114	3	112	38	124	20	109	11	102
15.2	4	52	31	123	15	114	3	112	38	124	20	109	11	102
15.3	4	40	31	123	15	114	3	112	38	124	20	109	11	102
15.4	5	40	31	123	15	114	3	112	38	124	20	109	11	102
15.5	5	40	31	123	15	114	3	112	38	124	20	109	11	102
15.6	5	39	31	123	15	114	3	112	38	124	20	109	11	102
15.7	5	39	31	123	15	114	3	112	38	124	20	109	11	102
15.8	5	39	31	123	15	114	3	112	38	124	20	109	11	102
15.9	5	39	31	123	15	114	3	112	38	124	20	109	11	102
16.0	5	39	31	123	15	114	3	112	38	124	20	109	11	102
16.1	5	39	31	123	15	114	3	112	38	124	20	109	11	102
16.2	5	39	31	123	15	114	3	112	38	124	20	109	11	102
16.3	5	39	31	123	15	114	3	112	38	124	20	109	11	102
16.4	5	39	31	123	15	114	3	112	38	124	20	109	11	102
16.5	5	39	31	123	15	114	3	112	38	124	20	109	11	102
16.6	5	39	31	123	15	114	3	112	38	124	20	109	11	102
16.7	5	39	31	123	15	114	3	112	38	124	20	109	11	102
16.8	5	39	31	123	15	114	3	112	38	124	20	109	11	102
16.9	5	39	31	123	15	114	3	112	38	124	20	109	11	102
17.0	5	39	31	123	15	114	3	112	38	124	20	109	11	102
17.1	5	39	31	123	15	114	3	112	38	124	20	109	11	102
17.2	5	39	31	123	15	114	3	112	38	124	20	109	11	102
17.3	5	39	31	123	15	114	3	112	38	124	20	109	11	102
17.4	5	39	31	123	15	114	3	112	38	124	20	109	11	102
17.5	6	39	31	123	15	114	3	112	38	124	20	109	11	102
17.6	6	39	31	123	15	114	3	112	38	124	20	109	11	102
17.7	6	39	31	123	15	114	3	112	38	124	20	109	11	102
17.8	6	39	31	123	15	114	3	112	38	124	20	109	11	102
17.9	6	39	31	123	15	114	3	112	38	124	20	109	11	102
18.0	6	39	31	123	15	114	3	112	38	124	19	109	11	102
18.1	6	39	31	123	15	114	3	112	38	124	19	109	11	102
18.2	6	39	31	123	14	114	3	112	38	124	19	109	11	102
18.3	6	39	31	123	14	114	3	112	38	124	19	109	11	102
18.4	6	39	31	123	14	114	3	112	38	124	19	109	11	102
18.5	6	39	31	123	14	114	3	112	38	124	19	109	11	102
18.6	6	39	31	123	14	114	3	112	38	124	19	109	11	102
18.7	6	39	31	123	14	114	3	112	38	124	19	109	11	102
18.8	6	39	31	123	14	114	3	112	38	124	19	109	11	102
18.9	6	39	31	123	14	114	3	112	38	124	19	109	11	102
19.0	6	39	31	123	14	114	3	112	38	124	19	109	11	102
19.1	6	39	31	123	14	114	3	112	38	124	19	109	11	102
19.2	6	39	31	123	14	114	3	112	38	124	19	109	11	102
19.3	6	39	31	123	14	114	3	112	38	124	19	109	11	102
19.4	6	39	31	123	14	114	3	112	38	124	19	109	11	102
19.5	6	39	31	123	14	114	3	112	38	124	19	109	11	102
19.6	6	39	31	123	14	114	3	112	38	124	19	109	11	102
19.7	7	39	31	123	14	114	3	112	38	124	19	109	11	102
19.8	7	39	31	123	14	114	3	112	38	124	19	109	11	102
19.9	7	39	31	123	14	114	3	112	38	124	19	109	11	102
20.0	7	39	31	123	14	114	3	112	38	124	18	109	11	102
20.1	7	39	31	123	14	114	3	112	38	124	18	109	11	102
20.2	7	39	31	123	14	114	3	112	38	124	14	109	11	102
20.3	7	39	31	123	14	114	3	112	38	124	14	109	11	102
20.4	7	40	31	123	14	114	3	112	38	124	14	109	11	102
20.5	7	40	31	123	14	114	3	112	38	124	14	109	11	102
20.6	7	40	31	123	14	114	3	112	38	124	14	109	11	102
20.7	7	40	31	123	14	114	3	112	38	124	14	109	11	102
20.8	7	40	31	123	14	114	3	112	38	124	14	109	11	102
20.9	7	40	31	124	14	114	3	112	38	124	14	109	11	102
21.0	7	40	30	124	14	114	3	112	38	124	14	109	11	102
21.1	7	40	30	124	14	114	3	112	38	124	14	109	11	102
21.2	7	40	30	124	14	114	3	112	38	124	14	109	11	102
21.3	7	40	30	124	14	114	3	112	38	124	14	109	11	102
21.4	7	41	30	124	14	114	3	112	38	124	14	109	11	102
21.5	7	41	30	124	14	114	3	112	38	124	14	109	11	102
21.6	7	41	30	124	14	114	3	112	38	124	14	109	11	102
21.7	7	41	30	124	14	114	3	112	38	124	14	109	11	102
21.8	7	41	30	124	13	114	3	112	38	124	14	109	11	102
21.9	7	41	30	124	13	114	3	112	38	124	14	109	11	102
22.0	7	42	30	124	13	114	3	112	38	124	14	109	11	102
22.1	7	42	30	124	13	114	3	112	38	124	14	109	11	102
22.2	7	42	30	124	13	114	3	112	38	124	14	108	11	102
22.3	7	42	30	124	13	114	3	112	38	124	14	108	11	102
22.4	7	43	30	124	13	114	3	112	38	124	14	108	11	102
22.5	8	43	30	124	13	114	3	112	38	124	14	108	11	102
22.6	8	44	30	124	13	114	3	112	38	124	14	108	11	102
22.7	8	45	30	124	13	114	3	112	38	124	14	108	11	102
22.8	8	49	30	124	13	114	3	112	38	124	14	108	11	102
22.9	8	50	30	124	13	114	3	112	38	124	14	108	11	102
23.0	8	57	30	124	13	114	3	112	38	124	14	108	11	102
23.1	8	58	30	124	13	114	3	112	38	124	14	108	11	102
23.2	8	58	30	124	13	114	3	112	38	124	14	108	11	102
23.3	8	59	30	124	13	114	3	112	38	124	14	108	11	102
23.4	8	59	30	124	13	114	3	112	38	124	14	108	11	102
23.5	8	59	30	124	13	114	3	112	38	124	13	108	11	102
23.6	8	60	30	124	13	114	3	112	38	124	13	108	11	102
23.7	8	60	30	124	13	114	3	112	38	124	13	108	11	102
23.8	8	60	30	124	13	114	3	112	38	124	13	108	11	102
23.9	8	60	30	124	13	114	3	112	38	124	13	108	11	102
24.0	8	81	30	124	13	114	3	112	37	124	13	108	11	102
24.1	8	81	30	124	13	114	3	112	37	124	13	108	11	102
24.2	8	81	30	124	13	114	3	112	37	124	13	108	11	102
24.3	8	81	30	124	12	114	3	112	37	124	13	108	11	102
24.4	8	81	30	124	12	114	3	112	37	124	13	108	11	102
24.5	8	82	30	124	12	114	3	112	37	124	13	108	11	102
24.6	8	82	30	124	12	114	3	112	37	124	13	108	11	102
24.7	8	82	30	124	12	114	3	112	37	124	13	108	11	102
24.8	8	82	30	124	12	114	3	112	37	124	13	108	11	102
24.9	8	82	30	124	12	114	3	112	37	124	13	108	11	102
25.0	8	82	30	124	12	114	3	112	37	124	13	108	11	102
25.1	8	82	30	124	12	114	3	112	37	124	13	108	11	102
25.2	9	82	30	124	12	114	3	111	37	124	13	108	11	102
25.3	9	82	30	124	5	114	3	111	31	124	13	108	11	102
25.4	9	82	30	124	5	113	3	111	31	124	13	108	11	102
25.5	9	82	30	124	5	113	3	111	31	124	13	108	11	102
25.6	9	82	30	124	5	113	3	111	31	124	13	108	11	102
25.7	9	82	30	124	5	113	3	111	31	124	13	108	11	102
25.8	9	82	30	124	5	113	3	111	31	124	13	108	11	102
25.9	9	82	30	124	5	113	3	111	31	124	13	108	11	102
26.0	9	82	30	124	5	113	3	111	31	124	13	108	11	102
26.1	9	82	30	124	5	113	3	111	31	124	13	108	11	102
26.2	9	82	30	124	5	113	3	111	31	124	13	108	11	102
26.3	9	82	30	124	5	113	3	111	31	124	13	108	11	102
26.4	9	82	30	124	5	113	3	111	31	124	13	108	11	102
26.5	9	83	30	124	5	113	3	111	31	124	13	108	11	102
26.6	9	83	30	124	5	113	3	111	31	124	13	108	11	102
26.7	10	83	30	124	5	113	3	111	31	124	13	108	11	102
26.8	10	83	30	124	5	113	3	111	31	124	13	108	11	101
26.9	10	83	30	124	5	113	3	111	31	124	13	108	11	101
27.0	10	83	30	124	5	113	3	111	31	124	13	108	11	101
27.1	10	83	30	124	5	113	3	111	31	124	13	108	11	101
27.2	10	83	30	124	5	113	3	111	31	124	13	108	11	101
27.3	10	83	30	124	5	113	3	111	31	124	13	108	11	101
27.4	10	83	30	124	5	113	3	111	31	124	13	108	11	101
27.5	11	83	30	124	5	113	3	111	31	124	13	108	11	101
27.6	11	83	29	124	5	113	3	111	31	124	13	108	11	101
27.7	11	83	29	124	5	113	3	111	31	124	13	108	11	101
27.8	11	83	29	124	5	113	3	111	31	124	13	108	11	101
27.9	11	83	29	124	5	113	3	111	31	124	13	108	11	101
28.0	11	83	29	124	5	113	3	111	31	124	13	108	11	101
28.1	11	83	29	124	5	113	3	111	31	124	13	108	11	101
28.2	11	83	29	124	5	113	3	111	31	124	13	108	11	101
28.3	12	83	29	124	5	113	3	111	31	124	13	108	11	101
28.4	12	83	29	124	5	113	3	111	31	124	13	108	11	101
28.5	12	83	29	124	5	113	3	111	31	124	13	108	11	101
28.6	12	83	29	124	5	113	3	111	31	124	13	108	11	101
28.7	12	83	29	124	5	113	3	111	31	124	13	108	11	101
28.8	12	83	29	124	5	113	3	111	31	124	13	107	11	101
28.9	12	83	29	124	5	113	3	111	31	124	13	107	11	101
29.0	12	83	29	124	5	113	3	111	31	124	13	107	11	101
29.1	12	83	29	124	5	113	3	111	31	124	13	107	11	101
29.2	12	83	29	124	5	113	3	111	31	124	13	107	11	101
29.3	12	84	29	124	5	113	3	111	31	124	13	107	11	101
29.4	12	84	29	124	5	113	3	111	31	124	13	107	11	101
29.5	13	84	29	124	5	113	3	111	31	124	13	107	11	101
29.6	13	84	29	124	5	113	3	111	31	124	13	107	11	101
29.7	13	84	29	124	5	113	3	111	31	124	13	107	11	101
29.8	13	84	29	124	5	113	3	111	31	124	13	107	11	101
29.9	13	84	29	124	5	113	3	111	31	124	13	107	11	101
30.0	13	84	29	124	5	113	3	111	31	124	13	107	11	101
30.1	13	84	29	124	5	113	3	111	31	124	13	107	11	101
30.2	13	84	29	124	5	113	3	111	31	124	13	107	11	101
30.3	13	84	29	124	5	113	3	111	31	124	13	107	11	101
30.4	13	84	29	124	5	113	3	111	31	124	13	107	11	101
30.5	13	84	29	124	5	113	3	111	31	124	13	107	11	101
30.6	13	84	29	124	5	113	3	111	31	124	13	107	11	101
30.7	13	84	29	124	5	113	3	111	31	124	13	107	11	101
30.8	13	84	29	124	5	113	3	111	31	124	13	107	11	101
30.9	13	84	29	124	5	113	3	111	31	124	13	107	11	101
31.0	13	100	29	124	5	113	3	111	31	124	13	107	11	101
31.1	13	100	29	124	5	113	3	111	31	124	13	107	11	101
31.2	13	100	29	124	5	113	3	111	31	124	13	107	11	101
31.3	13	100	29	124	5	113	3	111	31	124	13	107	11	101
31.4	13	100	29	124	5	113	3	111	31	124	13	107	11	101
31.5	13	100	29	124	5	113	3	111	32	124	13	107	11	101
31.6	13	100	29	124	5	113	3	111	41	124	13	107	11	101
31.7	13	100	29	124	5	113	3	111	41	124	13	107	11	101
31.8	13	100	29	124	5	113	3	111	41	124	13	107	11	101
31.9	13	100	29	124	5	113	3	111	41	124	13	107	11	101
32.0	13	100	29	124	5	113	3	111	41	124	13	107	11	101
